region r0 = {0,0 1,0 2,0 3,0 4,0 5,0 6,0 7,0};
region r1 = {0,1 1,1 2,1 3,1 4,1 5,1 6,1 7,1};
region r2 = {0,2 1,2 2,2 3,2 4,2 5,2 6,2 7,2};
region r3 = {0,3 1,3 2,3 3,3 4,3 5,3 6,3 7,3};
region r4 = {0,4 1,4 2,4 3,4 4,4 5,4 6,4 7,4};
region r5 = {0,5 1,5 2,5 3,5 4,5 5,5 6,5 7,5};
region r6 = {0,6 1,6 2,6 3,6 4,6 5,6 6,6 7,6};
region r7 = {0,7 1,7 2,7 3,7 4,7 5,7 6,7 7,7};

region c0 = {0,0 0,1 0,2 0,3 0,4 0,5 0,6 0,7};
region c1 = {1,0 1,1 1,2 1,3 1,4 1,5 1,6 1,7};
region c2 = {2,0 2,1 2,2 2,3 2,4 2,5 2,6 2,7};
region c3 = {3,0 3,1 3,2 3,3 3,4 3,5 3,6 3,7};
region c4 = {4,0 4,1 4,2 4,3 4,4 4,5 4,6 4,7};
region c5 = {5,0 5,1 5,2 5,3 5,4 5,5 5,6 5,7};
region c6 = {6,0 6,1 6,2 6,3 6,4 6,5 6,6 6,7};
region c7 = {7,0 7,1 7,2 7,3 7,4 7,5 7,6 7,7};
